{
  "created_by": "LibreDWG 0.10.1.2750.5-b2816-dirty",
  "FILEHEADER":   {
    "version": "AC1027",
    "zero_5": [ 0, 0, 0, 0, 0 ],
    "is_manail_address": 448,
    "dwg_version": 31,
    "maint_version": 8,
    "codepage": 30,
    "unknown_0": 0,
    "app_dwg_version": 31,
    "app_maint_version": 8,
    "security_type": 0,
    "rl_1c_address": 0,
    "summaryinfo_address": 288,
    "vbaproj_address": 0,
    "rl_28_80": 128
  },
  "HEA     "layer": [5, 16],
      "preview_exists": 0,
      "entmode":
,  2     "num_reactors": 0,
      "xdic_missing_flag": 1,
      "has_ds_binary_data": 0,
      "color": {
        "index": 256,
        "rgb": "000000",
        "flag": 1
      },
      "ltype_scale": 1.000000,
      "ltype_flags": 0,
    03399333399663399993399CC3399FF33CC0033CC3333CC6633CC9933CCCC33CCFF33FF0033FF3333FF6633FF9933FFCC33FFFF6600006600336600666600996600CC6600FF6633006633336633666633996633CC6633FF66660066663366666666669969FFFFCCFFFFFF0000000D0D0D1A1A1A2828283535354343435050505D5D5D6B6B6B787878868686939393A000000000244992244992240DB602BDCE9DEA"
  },
  "R2004_Header":   {
    "file_ID_string": "AcFssFcA\u0011",
    "header_address": 17,
    "header_size": 108,
    "x04": 4,
    "root_tree_node_gap": 0,
    "lowermost_left_tree_node_gap": 0,
    "lowermost_right_tree_node_gap": 0,
    "unknown_long": 1,
    "last_sectiion_d": 19,
    "last_section_address": 31744,
    "second_header_address": 30674,
    "num_gaps": 0,
    "num_sections": 17,
    "x20": 32,
    "x80": 128,
    "x40": 64,
    "section_map_id": 19,
    "section_map_addressDER":   {
    "REQUIREDVERSIONS": 0,
    "unknown,
      "layer": [5, 16],
      "preview_exists": 0,
      "entmode":
,  2     "num_reactors": 0,
      "xdic_missing_flag": 1,
      "has_ds_binary_data": 5,
      "color": {
        "index": 256,
        "rgb": "000000",
        "flag": 1
      },
      "ltype_scale": 1.000000,
      "lt{pe_flags": 0,
    03399333399663399993399CC3399FF33CC0033CC3333CC6633CC9933CCCC33CCFF33FF0033FF3333FF6633FF9933FFCC33FFFF6600006600336600666600996600CC6600FF6633006633336633666633996633CC6633FF66660066663366666666669969FFFFCCFFFFFF0000000D0D0D1A1A1A2828283535354343435050505D5D5D6B6B6B787878868686939393A1A1A1AEAEAEBBBBBBC9C9C9D6D6D6E4E4E4F1F1F1FFFFFF000000000000000000000000000000000000000000000000000000000000B21171F6000000BA4944415478DAEDD7390E8430144441EE7FDFCE111243C26A692277BD08C25FB65996459224499224499224FDABA47AF86DFCF44EBF5FD42EFD71D73C7C1B402E9F7969uDFA26803CBEEED2BAF40500EFC3CF2C90EF9F79695DFA5901C6BFF09B7F09001000400000010200080020600B1070086C010004E61AE7572DC049E295242D1BFA4E24B5277AFCB878A401  }}
