{
  "created_by": "LibreDWG 0.10.1.2750.5-b2816-dirty",
  "FILEHEADER":   {
    "version": "AC1027",
    "zero_5": [ 0, 0, 0, 0, 0 ],
    "is_manail_address": 448,
    "dwg_version": 31,
    "maint_version": 8,
    "codepage": 30,
    "unknown_0": 0,
    "app_dwg_version": 31,
    "app_maint_version": 8,
    "security_type": 0,
    "rl_1c_address": 0,
    "summaryinfo_address": 288,
    "vbaproj_address": 0,
    "rl_28_80": 128
  },
  "HEA     "layer": [5, 16],
      "preview_exists": 0,
      "entmode":
,  2     "num_reactors": 0,
      "xdic_missing_flag": 1,
      "has_ds_binary_data": 0,
      "color": {
        "index": 256,
        "rgb": "000000",
        "flag": 1
      },
      "ltype_scale": 1.000000,
      "ltype_flags": 0,
    03399333399663399993399CC3399FF33CC0033CC3333CC6633CC9933CCCC33CCFF33FF0033FF3333FF6633FF9933FFCC33FFFF6600006600336600666600996600CC6600FF6633006633336633666633996633CC6633FF66660066663366666666669969FFFFCCFFFFFF0000000D0D0D1A1A1A2828283535354343435050505D5D5D6B6B6B787878868wn_long": 1,
    "last_section_id": 19,
    "last_section_address": 31744,
    "second_header_address": 30674,
    "num_gaps": 0,
    "num_sections": 17,
    "x20": 32,
    "x80": 128,
    "x40": 64,
    "section_map_id": 19,
    "section_map_addressDER":   {
    "REQUIREDVERSIONS": 0,
    "unknown,
      "layer": [5, 16],
      "preview_exists": 0,
      "entmode":
,  2     "num_reactors": 0,
      "xdic_missing_flag": 1,
      "has_ds_binary_data": 5,
      "color": {
        "index": 256,
        "rgb": "000000",
        "flag": 1
      },
      "ltype_scale": 1.000000,
      "ltype_flags": 0,
    03399333399663399993399CC3399FF33CC0033CC3333CC6633CC9933CCCC33CCFF33FF0033FF3333FF6633FF9933FFCC33FFFF0000000000000000001080027426CC6600FF6633006633336633,
      "maxrl": 4294967295,
      "maxrl_hi": 0
    },
    "Template":     {
      "desc": "",
      "MEASUREMENT": 0
    }}
